{"TRY": [{"0D": 1.0,
   "1D": 0.9999999999999999,
   "3M": 0.5604966046571839,
   "6M": 0.5015623150392621,
   "1Y": 0.5061757696841411,
   "2Y": 0.32217072939195857,
   "3Y": 0.1496583887706735,
   "4Y": 0.2285295956113215,
   "5Y": 0.23270691676865926,
   "6Y": 0.17977078671570182,
   "7Y": 0.18968855459881787,
   "8Y": 0.1914832360892859,
   "9Y": 0.2004111060749457,
   "10Y": 0.25114001897459864,
   "15Y": 0.235685759093847,
   "20Y": 0.24360478262285135,
   "25Y": 0.23099198209507177,
   "30Y": 0.2871897225094992,
   "40Y": 0.2648245265619985,
   "50Y": 0.23228303950168885},
  {"0D": 0.9999999999999999,
   "1D": 1.0,
   "3M": 0.5604966048784755,
   "6M": 0.5015623148280112,
   "1Y": 0.5061757700078909,
   "2Y": 0.32217072977526723,
   "3Y": 0.14965838899593487,
   "4Y": 0.22852959555901314,
   "5Y": 0.23270691651899403,
   "6Y": 0.17977078642228614,
   "7Y": 0.1896885541679432,
   "8Y": 0.1914832357716094,
   "9Y": 0.20041110569769507,
   "10Y": 0.2511400185237463,
   "15Y": 0.23568575865869099,
   "20Y": 0.24360478224864057,
   "25Y": 0.23099198163615373,
   "30Y": 0.28718972203486287,
   "40Y": 0.2648245261996949,
   "50Y": 0.23228303921004154},
  {"0D": 0.5604966046571839,
   "1D": 0.5604966048784755,
   "3M": 1.0,
   "6M": 0.5960412261737498,
   "1Y": 0.5854092813705645,
   "2Y": 0.27076519014492545,
   "3Y": 0.14513900998956383,
   "4Y": 0.13496826715579113,
   "5Y": 0.1297321274998834,
   "6Y": 0.11286034856561476,
   "7Y": 0.10135435476659134,
   "8Y": 0.12371546549173565,
   "9Y": 0.13724961095919455,
   "10Y": 0.14844385824757086,
   "15Y": 0.15193092018574939,
   "20Y": 0.16814574578931804,
   "25Y": 0.16419727525929054,
   "30Y": 0.19018340095106007,
   "40Y": 0.1677481765497717,
   "50Y": 0.1463682440867809},
  {"0D": 0.5015623150392621,
   "1D": 0.5015623148280112,
   "3M": 0.5960412261737498,
   "6M": 1.0,
   "1Y": 0.7285052958596501,
   "2Y": 0.2370703564608,
   "3Y": 0.15904002625021188,
   "4Y": 0.15366801004050698,
   "5Y": 0.1818575248377462,
   "6Y": 0.14259220748324614,
   "7Y": 0.14944833535051535,
   "8Y": 0.15643626393232427,
   "9Y": 0.1777785840644511,
   "10Y": 0.22564171471863714,
   "15Y": 0.20670182066074103,
   "20Y": 0.22754829355643924,
   "25Y": 0.21754504550735707,
   "30Y": 0.26702174895193603,
   "40Y": 0.24948811567159912,
   "50Y": 0.22252809136726137},
  {"0D": 0.5061757696841411,
   "1D": 0.5061757700078909,
   "3M": 0.5854092813705645,
   "6M": 0.7285052958596501,
   "1Y": 1.0,
   "2Y": 0.19856530504149789,
   "3Y": 0.11773810359262019,
   "4Y": 0.1278654621115038,
   "5Y": 0.15687390927154327,
   "6Y": 0.13265769018812462,
   "7Y": 0.1319103909547383,
   "8Y": 0.1496321100232278,
   "9Y": 0.17853731175605714,
   "10Y": 0.20193421240207837,
   "15Y": 0.2171226392090624,
   "20Y": 0.23739423579285804,
   "25Y": 0.230407790914247,
   "30Y": 0.2678317320089836,
   "40Y": 0.23178114051291096,
   "50Y": 0.1976887779466545},
  {"0D": 0.32217072939195857,
   "1D": 0.32217072977526723,
   "3M": 0.27076519014492545,
   "6M": 0.2370703564608,
   "1Y": 0.19856530504149789,
   "2Y": 1.0,
   "3Y": 0.8787381479305587,
   "4Y": 0.8444450404445589,
   "5Y": 0.782447656395508,
   "6Y": 0.7700590345285386,
   "7Y": 0.7384973378769886,
   "8Y": 0.7417287768940841,
   "9Y": 0.7237461856014148,
   "10Y": 0.6970471341229686,
   "15Y": 0.6444340329950324,
   "20Y": 0.627091526263008,
   "25Y": 0.6053525910213504,
   "30Y": 0.6106608805761483,
   "40Y": 0.43137189799211895,
   "50Y": 0.32462509409745155},
  {"0D": 0.1496583887706735,
   "1D": 0.14965838899593487,
   "3M": 0.14513900998956383,
   "6M": 0.15904002625021188,
   "1Y": 0.11773810359262019,
   "2Y": 0.8787381479305587,
   "3Y": 1.0,
   "4Y": 0.9058931541573146,
   "5Y": 0.857117031567998,
   "6Y": 0.852024730097952,
   "7Y": 0.8226246830088477,
   "8Y": 0.8160862177197554,
   "9Y": 0.7928026258863178,
   "10Y": 0.7424805062868183,
   "15Y": 0.6858536656278807,
   "20Y": 0.6633581384682047,
   "25Y": 0.637960289156222,
   "30Y": 0.6401948350303543,
   "40Y": 0.45115729907046975,
   "50Y": 0.3399274406885762},
  {"0D": 0.2285295956113215,
   "1D": 0.22852959555901314,
   "3M": 0.13496826715579113,
   "6M": 0.15366801004050698,
   "1Y": 0.1278654621115038,
   "2Y": 0.8444450404445589,
   "3Y": 0.9058931541573146,
   "4Y": 1.0,
   "5Y": 0.938453221624962,
   "6Y": 0.9537358070288888,
   "7Y": 0.9301755710023193,
   "8Y": 0.9220236886846563,
   "9Y": 0.905307101662204,
   "10Y": 0.8695684690863408,
   "15Y": 0.8275243763771878,
   "20Y": 0.8019235229970727,
   "25Y": 0.7674820596221348,
   "30Y": 0.7710274750550257,
   "40Y": 0.5451283383597487,
   "50Y": 0.4121585981581102},
  {"0D": 0.23270691676865926,
   "1D": 0.23270691651899403,
   "3M": 0.1297321274998834,
   "6M": 0.1818575248377462,
   "1Y": 0.15687390927154327,
   "2Y": 0.782447656395508,
   "3Y": 0.857117031567998,
   "4Y": 0.938453221624962,
   "5Y": 1.0,
   "6Y": 0.9484820771978724,
   "7Y": 0.9537101921176049,
   "8Y": 0.9240273435670455,
   "9Y": 0.9108442189841257,
   "10Y": 0.9329741522548427,
   "15Y": 0.8358296094319542,
   "20Y": 0.8172142225734224,
   "25Y": 0.7643338881317067,
   "30Y": 0.8319773733935321,
   "40Y": 0.6625635150820571,
   "50Y": 0.5394934067694652},
  {"0D": 0.17977078671570182,
   "1D": 0.17977078642228614,
   "3M": 0.11286034856561476,
   "6M": 0.14259220748324614,
   "1Y": 0.13265769018812462,
   "2Y": 0.7700590345285386,
   "3Y": 0.852024730097952,
   "4Y": 0.9537358070288888,
   "5Y": 0.9484820771978724,
   "6Y": 1.0,
   "7Y": 0.9747105245534691,
   "8Y": 0.9824146487921533,
   "9Y": 0.9699351166930721,
   "10Y": 0.9287522785381153,
   "15Y": 0.898796758032632,
   "20Y": 0.872981860611446,
   "25Y": 0.8252600741460456,
   "30Y": 0.8355305764889638,
   "40Y": 0.5983306810903853,
   "50Y": 0.4562728082073955},
  {"0D": 0.18968855459881787,
   "1D": 0.1896885541679432,
   "3M": 0.10135435476659134,
   "6M": 0.14944833535051535,
   "1Y": 0.1319103909547383,
   "2Y": 0.7384973378769886,
   "3Y": 0.8226246830088477,
   "4Y": 0.9301755710023193,
   "5Y": 0.9537101921176049,
   "6Y": 0.9747105245534691,
   "7Y": 1.0,
   "8Y": 0.9680655402159911,
   "9Y": 0.9532494684572455,
   "10Y": 0.950343611803747,
   "15Y": 0.8859353759944109,
   "20Y": 0.8715897981633887,
   "25Y": 0.8103165608380757,
   "30Y": 0.8694892984636328,
   "40Y": 0.6807412369399752,
   "50Y": 0.5496867521940971},
  {"0D": 0.1914832360892859,
   "1D": 0.1914832357716094,
   "3M": 0.12371546549173565,
   "6M": 0.15643626393232427,
   "1Y": 0.1496321100232278,
   "2Y": 0.7417287768940841,
   "3Y": 0.8160862177197554,
   "4Y": 0.9220236886846563,
   "5Y": 0.9240273435670455,
   "6Y": 0.9824146487921533,
   "7Y": 0.9680655402159911,
   "8Y": 1.0,
   "9Y": 0.9933524574682329,
   "10Y": 0.9507993199191757,
   "15Y": 0.9310926977740841,
   "20Y": 0.908725876753361,
   "25Y": 0.8729098902697807,
   "30Y": 0.8757499990817388,
   "40Y": 0.6165731455243783,
   "50Y": 0.46401697152640115},
  {"0D": 0.2004111060749457,
   "1D": 0.20041110569769507,
   "3M": 0.13724961095919455,
   "6M": 0.1777785840644511,
   "1Y": 0.17853731175605714,
   "2Y": 0.7237461856014148,
   "3Y": 0.7928026258863178,
   "4Y": 0.905307101662204,
   "5Y": 0.9108442189841257,
   "6Y": 0.9699351166930721,
   "7Y": 0.9532494684572455,
   "8Y": 0.9933524574682329,
   "9Y": 1.0,
   "10Y": 0.960720895623404,
   "15Y": 0.9497311105668906,
   "20Y": 0.9301613249880138,
   "25Y": 0.9059499648563413,
   "30Y": 0.8927839699129061,
   "40Y": 0.6102803729914001,
   "50Y": 0.4498506223364063},
  {"0D": 0.25114001897459864,
   "1D": 0.2511400185237463,
   "3M": 0.14844385824757086,
   "6M": 0.22564171471863714,
   "1Y": 0.20193421240207837,
   "2Y": 0.6970471341229686,
   "3Y": 0.7424805062868183,
   "4Y": 0.8695684690863408,
   "5Y": 0.9329741522548427,
   "6Y": 0.9287522785381153,
   "7Y": 0.950343611803747,
   "8Y": 0.9507993199191757,
   "9Y": 0.960720895623404,
   "10Y": 1.0,
   "15Y": 0.9320814511850103,
   "20Y": 0.9261955178249275,
   "25Y": 0.8869045804905152,
   "30Y": 0.947859990957397,
   "40Y": 0.7373300628198292,
   "50Y": 0.5925763073500819},
  {"0D": 0.235685759093847,
   "1D": 0.23568575865869099,
   "3M": 0.15193092018574939,
   "6M": 0.20670182066074103,
   "1Y": 0.2171226392090624,
   "2Y": 0.6444340329950324,
   "3Y": 0.6858536656278807,
   "4Y": 0.8275243763771878,
   "5Y": 0.8358296094319542,
   "6Y": 0.898796758032632,
   "7Y": 0.8859353759944109,
   "8Y": 0.9310926977740841,
   "9Y": 0.9497311105668906,
   "10Y": 0.9320814511850103,
   "15Y": 1.0,
   "20Y": 0.9845516713629507,
   "25Y": 0.9686843291246343,
   "30Y": 0.9101572503108968,
   "40Y": 0.5687844172172699,
   "50Y": 0.3897516531476297},
  {"0D": 0.24360478262285135,
   "1D": 0.24360478224864057,
   "3M": 0.16814574578931804,
   "6M": 0.22754829355643924,
   "1Y": 0.23739423579285804,
   "2Y": 0.627091526263008,
   "3Y": 0.6633581384682047,
   "4Y": 0.8019235229970727,
   "5Y": 0.8172142225734224,
   "6Y": 0.872981860611446,
   "7Y": 0.8715897981633887,
   "8Y": 0.908725876753361,
   "9Y": 0.9301613249880138,
   "10Y": 0.9261955178249275,
   "15Y": 0.9845516713629507,
   "20Y": 1.0,
   "25Y": 0.9722214955283675,
   "30Y": 0.9232296346318429,
   "40Y": 0.5874297456280465,
   "50Y": 0.40771537024578547},
  {"0D": 0.23099198209507177,
   "1D": 0.23099198163615373,
   "3M": 0.16419727525929054,
   "6M": 0.21754504550735707,
   "1Y": 0.230407790914247,
   "2Y": 0.6053525910213504,
   "3Y": 0.637960289156222,
   "4Y": 0.7674820596221348,
   "5Y": 0.7643338881317067,
   "6Y": 0.8252600741460456,
   "7Y": 0.8103165608380757,
   "8Y": 0.8729098902697807,
   "9Y": 0.9059499648563413,
   "10Y": 0.8869045804905152,
   "15Y": 0.9686843291246343,
   "20Y": 0.9722214955283675,
   "25Y": 1.0,
   "30Y": 0.8900054165807558,
   "40Y": 0.4935331681408121,
   "50Y": 0.3002274133055581},
  {"0D": 0.2871897225094992,
   "1D": 0.28718972203486287,
   "3M": 0.19018340095106007,
   "6M": 0.26702174895193603,
   "1Y": 0.2678317320089836,
   "2Y": 0.6106608805761483,
   "3Y": 0.6401948350303543,
   "4Y": 0.7710274750550257,
   "5Y": 0.8319773733935321,
   "6Y": 0.8355305764889638,
   "7Y": 0.8694892984636328,
   "8Y": 0.8757499990817388,
   "9Y": 0.8927839699129061,
   "10Y": 0.947859990957397,
   "15Y": 0.9101572503108968,
   "20Y": 0.9232296346318429,
   "25Y": 0.8900054165807558,
   "30Y": 1.0,
   "40Y": 0.8351706975691234,
   "50Y": 0.7002789292460758},
  {"0D": 0.2648245265619985,
   "1D": 0.2648245261996949,
   "3M": 0.1677481765497717,
   "6M": 0.24948811567159912,
   "1Y": 0.23178114051291096,
   "2Y": 0.43137189799211895,
   "3Y": 0.45115729907046975,
   "4Y": 0.5451283383597487,
   "5Y": 0.6625635150820571,
   "6Y": 0.5983306810903853,
   "7Y": 0.6807412369399752,
   "8Y": 0.6165731455243783,
   "9Y": 0.6102803729914001,
   "10Y": 0.7373300628198292,
   "15Y": 0.5687844172172699,
   "20Y": 0.5874297456280465,
   "25Y": 0.4935331681408121,
   "30Y": 0.8351706975691234,
   "40Y": 1.0,
   "50Y": 0.9772411440672005},
  {"0D": 0.23228303950168885,
   "1D": 0.23228303921004154,
   "3M": 0.1463682440867809,
   "6M": 0.22252809136726137,
   "1Y": 0.1976887779466545,
   "2Y": 0.32462509409745155,
   "3Y": 0.3399274406885762,
   "4Y": 0.4121585981581102,
   "5Y": 0.5394934067694652,
   "6Y": 0.4562728082073955,
   "7Y": 0.5496867521940971,
   "8Y": 0.46401697152640115,
   "9Y": 0.4498506223364063,
   "10Y": 0.5925763073500819,
   "15Y": 0.3897516531476297,
   "20Y": 0.40771537024578547,
   "25Y": 0.3002274133055581,
   "30Y": 0.7002789292460758,
   "40Y": 0.9772411440672005,
   "50Y": 1.0}],
 "USD": [{"0D": 1.0,
   "1D": 0.9999999999999999,
   "3M": 0.5604966046571839,
   "6M": 0.5015623150392621,
   "1Y": 0.5061757696841411,
   "2Y": 0.32217072939195857,
   "3Y": 0.1496583887706735,
   "4Y": 0.2285295956113215,
   "5Y": 0.23270691676865926,
   "6Y": 0.17977078671570182,
   "7Y": 0.18968855459881787,
   "8Y": 0.1914832360892859,
   "9Y": 0.2004111060749457,
   "10Y": 0.25114001897459864,
   "15Y": 0.235685759093847,
   "20Y": 0.24360478262285135,
   "25Y": 0.23099198209507177,
   "30Y": 0.2871897225094992,
   "40Y": 0.2648245265619985,
   "50Y": 0.23228303950168885},
  {"0D": 0.9999999999999999,
   "1D": 1.0,
   "3M": 0.5604966048784755,
   "6M": 0.5015623148280112,
   "1Y": 0.5061757700078909,
   "2Y": 0.32217072977526723,
   "3Y": 0.14965838899593487,
   "4Y": 0.22852959555901314,
   "5Y": 0.23270691651899403,
   "6Y": 0.17977078642228614,
   "7Y": 0.1896885541679432,
   "8Y": 0.1914832357716094,
   "9Y": 0.20041110569769507,
   "10Y": 0.2511400185237463,
   "15Y": 0.23568575865869099,
   "20Y": 0.24360478224864057,
   "25Y": 0.23099198163615373,
   "30Y": 0.28718972203486287,
   "40Y": 0.2648245261996949,
   "50Y": 0.23228303921004154},
  {"0D": 0.5604966046571839,
   "1D": 0.5604966048784755,
   "3M": 1.0,
   "6M": 0.5960412261737498,
   "1Y": 0.5854092813705645,
   "2Y": 0.27076519014492545,
   "3Y": 0.14513900998956383,
   "4Y": 0.13496826715579113,
   "5Y": 0.1297321274998834,
   "6Y": 0.11286034856561476,
   "7Y": 0.10135435476659134,
   "8Y": 0.12371546549173565,
   "9Y": 0.13724961095919455,
   "10Y": 0.14844385824757086,
   "15Y": 0.15193092018574939,
   "20Y": 0.16814574578931804,
   "25Y": 0.16419727525929054,
   "30Y": 0.19018340095106007,
   "40Y": 0.1677481765497717,
   "50Y": 0.1463682440867809},
  {"0D": 0.5015623150392621,
   "1D": 0.5015623148280112,
   "3M": 0.5960412261737498,
   "6M": 1.0,
   "1Y": 0.7285052958596501,
   "2Y": 0.2370703564608,
   "3Y": 0.15904002625021188,
   "4Y": 0.15366801004050698,
   "5Y": 0.1818575248377462,
   "6Y": 0.14259220748324614,
   "7Y": 0.14944833535051535,
   "8Y": 0.15643626393232427,
   "9Y": 0.1777785840644511,
   "10Y": 0.22564171471863714,
   "15Y": 0.20670182066074103,
   "20Y": 0.22754829355643924,
   "25Y": 0.21754504550735707,
   "30Y": 0.26702174895193603,
   "40Y": 0.24948811567159912,
   "50Y": 0.22252809136726137},
  {"0D": 0.5061757696841411,
   "1D": 0.5061757700078909,
   "3M": 0.5854092813705645,
   "6M": 0.7285052958596501,
   "1Y": 1.0,
   "2Y": 0.19856530504149789,
   "3Y": 0.11773810359262019,
   "4Y": 0.1278654621115038,
   "5Y": 0.15687390927154327,
   "6Y": 0.13265769018812462,
   "7Y": 0.1319103909547383,
   "8Y": 0.1496321100232278,
   "9Y": 0.17853731175605714,
   "10Y": 0.20193421240207837,
   "15Y": 0.2171226392090624,
   "20Y": 0.23739423579285804,
   "25Y": 0.230407790914247,
   "30Y": 0.2678317320089836,
   "40Y": 0.23178114051291096,
   "50Y": 0.1976887779466545},
  {"0D": 0.32217072939195857,
   "1D": 0.32217072977526723,
   "3M": 0.27076519014492545,
   "6M": 0.2370703564608,
   "1Y": 0.19856530504149789,
   "2Y": 1.0,
   "3Y": 0.8787381479305587,
   "4Y": 0.8444450404445589,
   "5Y": 0.782447656395508,
   "6Y": 0.7700590345285386,
   "7Y": 0.7384973378769886,
   "8Y": 0.7417287768940841,
   "9Y": 0.7237461856014148,
   "10Y": 0.6970471341229686,
   "15Y": 0.6444340329950324,
   "20Y": 0.627091526263008,
   "25Y": 0.6053525910213504,
   "30Y": 0.6106608805761483,
   "40Y": 0.43137189799211895,
   "50Y": 0.32462509409745155},
  {"0D": 0.1496583887706735,
   "1D": 0.14965838899593487,
   "3M": 0.14513900998956383,
   "6M": 0.15904002625021188,
   "1Y": 0.11773810359262019,
   "2Y": 0.8787381479305587,
   "3Y": 1.0,
   "4Y": 0.9058931541573146,
   "5Y": 0.857117031567998,
   "6Y": 0.852024730097952,
   "7Y": 0.8226246830088477,
   "8Y": 0.8160862177197554,
   "9Y": 0.7928026258863178,
   "10Y": 0.7424805062868183,
   "15Y": 0.6858536656278807,
   "20Y": 0.6633581384682047,
   "25Y": 0.637960289156222,
   "30Y": 0.6401948350303543,
   "40Y": 0.45115729907046975,
   "50Y": 0.3399274406885762},
  {"0D": 0.2285295956113215,
   "1D": 0.22852959555901314,
   "3M": 0.13496826715579113,
   "6M": 0.15366801004050698,
   "1Y": 0.1278654621115038,
   "2Y": 0.8444450404445589,
   "3Y": 0.9058931541573146,
   "4Y": 1.0,
   "5Y": 0.938453221624962,
   "6Y": 0.9537358070288888,
   "7Y": 0.9301755710023193,
   "8Y": 0.9220236886846563,
   "9Y": 0.905307101662204,
   "10Y": 0.8695684690863408,
   "15Y": 0.8275243763771878,
   "20Y": 0.8019235229970727,
   "25Y": 0.7674820596221348,
   "30Y": 0.7710274750550257,
   "40Y": 0.5451283383597487,
   "50Y": 0.4121585981581102},
  {"0D": 0.23270691676865926,
   "1D": 0.23270691651899403,
   "3M": 0.1297321274998834,
   "6M": 0.1818575248377462,
   "1Y": 0.15687390927154327,
   "2Y": 0.782447656395508,
   "3Y": 0.857117031567998,
   "4Y": 0.938453221624962,
   "5Y": 1.0,
   "6Y": 0.9484820771978724,
   "7Y": 0.9537101921176049,
   "8Y": 0.9240273435670455,
   "9Y": 0.9108442189841257,
   "10Y": 0.9329741522548427,
   "15Y": 0.8358296094319542,
   "20Y": 0.8172142225734224,
   "25Y": 0.7643338881317067,
   "30Y": 0.8319773733935321,
   "40Y": 0.6625635150820571,
   "50Y": 0.5394934067694652},
  {"0D": 0.17977078671570182,
   "1D": 0.17977078642228614,
   "3M": 0.11286034856561476,
   "6M": 0.14259220748324614,
   "1Y": 0.13265769018812462,
   "2Y": 0.7700590345285386,
   "3Y": 0.852024730097952,
   "4Y": 0.9537358070288888,
   "5Y": 0.9484820771978724,
   "6Y": 1.0,
   "7Y": 0.9747105245534691,
   "8Y": 0.9824146487921533,
   "9Y": 0.9699351166930721,
   "10Y": 0.9287522785381153,
   "15Y": 0.898796758032632,
   "20Y": 0.872981860611446,
   "25Y": 0.8252600741460456,
   "30Y": 0.8355305764889638,
   "40Y": 0.5983306810903853,
   "50Y": 0.4562728082073955},
  {"0D": 0.18968855459881787,
   "1D": 0.1896885541679432,
   "3M": 0.10135435476659134,
   "6M": 0.14944833535051535,
   "1Y": 0.1319103909547383,
   "2Y": 0.7384973378769886,
   "3Y": 0.8226246830088477,
   "4Y": 0.9301755710023193,
   "5Y": 0.9537101921176049,
   "6Y": 0.9747105245534691,
   "7Y": 1.0,
   "8Y": 0.9680655402159911,
   "9Y": 0.9532494684572455,
   "10Y": 0.950343611803747,
   "15Y": 0.8859353759944109,
   "20Y": 0.8715897981633887,
   "25Y": 0.8103165608380757,
   "30Y": 0.8694892984636328,
   "40Y": 0.6807412369399752,
   "50Y": 0.5496867521940971},
  {"0D": 0.1914832360892859,
   "1D": 0.1914832357716094,
   "3M": 0.12371546549173565,
   "6M": 0.15643626393232427,
   "1Y": 0.1496321100232278,
   "2Y": 0.7417287768940841,
   "3Y": 0.8160862177197554,
   "4Y": 0.9220236886846563,
   "5Y": 0.9240273435670455,
   "6Y": 0.9824146487921533,
   "7Y": 0.9680655402159911,
   "8Y": 1.0,
   "9Y": 0.9933524574682329,
   "10Y": 0.9507993199191757,
   "15Y": 0.9310926977740841,
   "20Y": 0.908725876753361,
   "25Y": 0.8729098902697807,
   "30Y": 0.8757499990817388,
   "40Y": 0.6165731455243783,
   "50Y": 0.46401697152640115},
  {"0D": 0.2004111060749457,
   "1D": 0.20041110569769507,
   "3M": 0.13724961095919455,
   "6M": 0.1777785840644511,
   "1Y": 0.17853731175605714,
   "2Y": 0.7237461856014148,
   "3Y": 0.7928026258863178,
   "4Y": 0.905307101662204,
   "5Y": 0.9108442189841257,
   "6Y": 0.9699351166930721,
   "7Y": 0.9532494684572455,
   "8Y": 0.9933524574682329,
   "9Y": 1.0,
   "10Y": 0.960720895623404,
   "15Y": 0.9497311105668906,
   "20Y": 0.9301613249880138,
   "25Y": 0.9059499648563413,
   "30Y": 0.8927839699129061,
   "40Y": 0.6102803729914001,
   "50Y": 0.4498506223364063},
  {"0D": 0.25114001897459864,
   "1D": 0.2511400185237463,
   "3M": 0.14844385824757086,
   "6M": 0.22564171471863714,
   "1Y": 0.20193421240207837,
   "2Y": 0.6970471341229686,
   "3Y": 0.7424805062868183,
   "4Y": 0.8695684690863408,
   "5Y": 0.9329741522548427,
   "6Y": 0.9287522785381153,
   "7Y": 0.950343611803747,
   "8Y": 0.9507993199191757,
   "9Y": 0.960720895623404,
   "10Y": 1.0,
   "15Y": 0.9320814511850103,
   "20Y": 0.9261955178249275,
   "25Y": 0.8869045804905152,
   "30Y": 0.947859990957397,
   "40Y": 0.7373300628198292,
   "50Y": 0.5925763073500819},
  {"0D": 0.235685759093847,
   "1D": 0.23568575865869099,
   "3M": 0.15193092018574939,
   "6M": 0.20670182066074103,
   "1Y": 0.2171226392090624,
   "2Y": 0.6444340329950324,
   "3Y": 0.6858536656278807,
   "4Y": 0.8275243763771878,
   "5Y": 0.8358296094319542,
   "6Y": 0.898796758032632,
   "7Y": 0.8859353759944109,
   "8Y": 0.9310926977740841,
   "9Y": 0.9497311105668906,
   "10Y": 0.9320814511850103,
   "15Y": 1.0,
   "20Y": 0.9845516713629507,
   "25Y": 0.9686843291246343,
   "30Y": 0.9101572503108968,
   "40Y": 0.5687844172172699,
   "50Y": 0.3897516531476297},
  {"0D": 0.24360478262285135,
   "1D": 0.24360478224864057,
   "3M": 0.16814574578931804,
   "6M": 0.22754829355643924,
   "1Y": 0.23739423579285804,
   "2Y": 0.627091526263008,
   "3Y": 0.6633581384682047,
   "4Y": 0.8019235229970727,
   "5Y": 0.8172142225734224,
   "6Y": 0.872981860611446,
   "7Y": 0.8715897981633887,
   "8Y": 0.908725876753361,
   "9Y": 0.9301613249880138,
   "10Y": 0.9261955178249275,
   "15Y": 0.9845516713629507,
   "20Y": 1.0,
   "25Y": 0.9722214955283675,
   "30Y": 0.9232296346318429,
   "40Y": 0.5874297456280465,
   "50Y": 0.40771537024578547},
  {"0D": 0.23099198209507177,
   "1D": 0.23099198163615373,
   "3M": 0.16419727525929054,
   "6M": 0.21754504550735707,
   "1Y": 0.230407790914247,
   "2Y": 0.6053525910213504,
   "3Y": 0.637960289156222,
   "4Y": 0.7674820596221348,
   "5Y": 0.7643338881317067,
   "6Y": 0.8252600741460456,
   "7Y": 0.8103165608380757,
   "8Y": 0.8729098902697807,
   "9Y": 0.9059499648563413,
   "10Y": 0.8869045804905152,
   "15Y": 0.9686843291246343,
   "20Y": 0.9722214955283675,
   "25Y": 1.0,
   "30Y": 0.8900054165807558,
   "40Y": 0.4935331681408121,
   "50Y": 0.3002274133055581},
  {"0D": 0.2871897225094992,
   "1D": 0.28718972203486287,
   "3M": 0.19018340095106007,
   "6M": 0.26702174895193603,
   "1Y": 0.2678317320089836,
   "2Y": 0.6106608805761483,
   "3Y": 0.6401948350303543,
   "4Y": 0.7710274750550257,
   "5Y": 0.8319773733935321,
   "6Y": 0.8355305764889638,
   "7Y": 0.8694892984636328,
   "8Y": 0.8757499990817388,
   "9Y": 0.8927839699129061,
   "10Y": 0.947859990957397,
   "15Y": 0.9101572503108968,
   "20Y": 0.9232296346318429,
   "25Y": 0.8900054165807558,
   "30Y": 1.0,
   "40Y": 0.8351706975691234,
   "50Y": 0.7002789292460758},
  {"0D": 0.2648245265619985,
   "1D": 0.2648245261996949,
   "3M": 0.1677481765497717,
   "6M": 0.24948811567159912,
   "1Y": 0.23178114051291096,
   "2Y": 0.43137189799211895,
   "3Y": 0.45115729907046975,
   "4Y": 0.5451283383597487,
   "5Y": 0.6625635150820571,
   "6Y": 0.5983306810903853,
   "7Y": 0.6807412369399752,
   "8Y": 0.6165731455243783,
   "9Y": 0.6102803729914001,
   "10Y": 0.7373300628198292,
   "15Y": 0.5687844172172699,
   "20Y": 0.5874297456280465,
   "25Y": 0.4935331681408121,
   "30Y": 0.8351706975691234,
   "40Y": 1.0,
   "50Y": 0.9772411440672005},
  {"0D": 0.23228303950168885,
   "1D": 0.23228303921004154,
   "3M": 0.1463682440867809,
   "6M": 0.22252809136726137,
   "1Y": 0.1976887779466545,
   "2Y": 0.32462509409745155,
   "3Y": 0.3399274406885762,
   "4Y": 0.4121585981581102,
   "5Y": 0.5394934067694652,
   "6Y": 0.4562728082073955,
   "7Y": 0.5496867521940971,
   "8Y": 0.46401697152640115,
   "9Y": 0.4498506223364063,
   "10Y": 0.5925763073500819,
   "15Y": 0.3897516531476297,
   "20Y": 0.40771537024578547,
   "25Y": 0.3002274133055581,
   "30Y": 0.7002789292460758,
   "40Y": 0.9772411440672005,
   "50Y": 1.0}]}